
Estimated rates for sites from AAML.
(sp|Q9Y6A2|CP46A_HUMAN: 0.007644, sp|Q9WVK8|CP46A_MOUSE: 0.047695, ((((((sp|Q62969|PTGIS_RAT: 0.920366, sp|P22680|CP7A1_HUMAN: 0.920622): 1.182333, ((sp|Q8K0C4|CP51A_MOUSE: 0.016573, ((sp|Q4PJW3|CP51A_BOVIN: 0.043167, sp|O46420|CP51A_PIG: 0.015642): 0.009111, (sp|Q4R8S6|CP51A_MACFA: 0.004006, sp|Q5RE72|CP51A_PONAB: 0.006107): 0.012544): 0.051495): 1.389754, ((sp|O55127|CP26A_MOUSE: 0.032455, sp|O43174|CP26A_HUMAN: 0.033855): 0.409575, (sp|Q6V0L0|CP26C_HUMAN: 0.375444, ((sp|Q811W2|CP26B_MOUSE: 0.001935, (sp|E1BHJ4|CP26B_BOVIN: 0.009625, sp|Q9NR63|CP26B_HUMAN: 0.017349): 0.018201): 0.000000, sp|G3V7X8|CP26B_RAT: 0.003919): 0.393061): 0.357320): 1.050130): 0.146592): 0.256333, (((sp|P03940|CP21A_MOUSE: 0.202332, ((sp|P08686|CP21A_HUMAN: 0.153371, ((sp|Q8WNW0|CP21A_CANLF: 0.000000, sp|Q2LCM1|CP21A_CANLU: 0.000000): 0.097360, (sp|Q2LA60|CP21A_FELCA: 0.008310, sp|Q2LA59|CP21A_LYNLY: 0.006376): 0.063414): 0.037676): 0.031167, sp|P15540|CP21A_PIG: 0.086786): 0.068800): 0.813930, ((((((sp|Q8HYN0|CP17A_PAPCY: 0.000000, (sp|Q9GLD2|CP17A_PAPHU: 0.001939, (sp|Q8HYM9|CP17A_MACMU: 0.000000, sp|Q2XVA1|CP17A_MACFA: 0.000000): 0.001939): 0.000000): 0.021225, (sp|Q8HYN1|CP17A_PANTR: 0.000000, sp|P05093|CP17A_HUMAN: 0.003844): 0.031134): 0.081388, (sp|Q64410|CP17A_CAVPO: 0.213229, ((sp|Q91Z85|CP17A_PERLE: 0.098594, sp|P70687|CP17A_MESAU: 0.104770): 0.024252, (sp|P27786|CP17A_MOUSE: 0.091571, sp|P11715|CP17A_RAT: 0.101390): 0.073578): 0.101822): 0.096715): 0.057572, sp|Q95328|CP17A_HORSE: 0.102943): 0.013635, sp|Q9GMC8|CP17A_FELCA: 0.109359): 0.058605, (sp|P19100|CP17A_PIG: 0.168300, ((sp|Q9GMC7|CP17A_BISBI: 0.005798, sp|P05185|CP17A_BOVIN: 0.000000): 0.027349, (sp|Q9N0U7|CP17A_CAPHI: 0.010202, sp|Q29497|CP17A_SHEEP: 0.007218): 0.011198): 0.079248): 0.075967): 0.743882): 0.324002, (((sp|Q16678|CP1B1_HUMAN: 0.088265, (sp|Q64678|CP1B1_RAT: 0.039201, sp|Q64429|CP1B1_MOUSE: 0.033381): 0.095408): 0.616398, (((sp|P00187|CP1A2_RABIT: 0.153098, ((sp|Q5KQT6|CP1A2_FELCA: 0.108695, sp|P56592|CP1A2_CANLF: 0.095459): 0.049168, (sp|Q3LFT9|CP1A2_BALAC: 0.125164, ((sp|Q5RBQ1|CP1A2_PONAB: 0.023255, sp|P05177|CP1A2_HUMAN: 0.023195): 0.014118, (sp|O77810|CP1A2_CALJA: 0.075313, (sp|Q4H4C3|CP1A2_MACFU: 0.007180, sp|O77809|CP1A2_MACFA: 0.002353): 0.020992): 0.012485): 0.035170): 0.012168): 0.028084): 0.012838, (sp|Q64391|CP1A2_CAVPO: 0.156612, (sp|P24453|CP1A2_MESAU: 0.064547, (sp|P04799|CP1A2_RAT: 0.034437, sp|P00186|CP1A2_MOUSE: 0.032849): 0.028324): 0.124406): 0.055131): 0.130937, ((sp|P56590|CP1A1_CANLF: 0.078009, sp|Q5KQT7|CP1A1_FELCA: 0.061930): 0.024542, ((sp|Q3LFU0|CP1A1_BALAC: 0.061298, sp|P56591|CP1A1_SHEEP: 0.077321): 0.029279, ((sp|P04798|CP1A1_HUMAN: 0.027579, (sp|Q6GUR1|CP1A1_MACMU: 0.000000, sp|P33616|CP1A1_MACFA: 0.001923): 0.030122): 0.088622, (sp|Q06367|CP1A1_CAVPO: 0.177959, (sp|P05176|CP1A1_RABIT: 0.170481, (sp|Q00557|CP1A1_MESAU: 0.085057, (sp|P00185|CP1A1_RAT: 0.037644, sp|P00184|CP1A1_MOUSE: 0.034326): 0.036413): 0.068737): 0.025244): 0.008252): 0.023273): 0.013838): 0.066359): 0.542594): 0.415500, ((sp|Q6VVW9|CP2R1_MOUSE: 0.691198, ((sp|Q9CX98|CP2U1_MOUSE: 0.036159, sp|Q4V8D1|CP2U1_RAT: 0.062956): 0.100500, (sp|Q7Z449|CP2U1_HUMAN: 0.058774, sp|Q0IIF9|CP2U1_BOVIN: 0.135915): 0.060290): 0.583639): 0.170272, ((sp|O54749|CP2J5_MOUSE: 0.176889, (sp|O54750|CP2J6_MOUSE: 0.118133, (sp|P51590|CP2J3_RAT: 0.141066, (sp|P52786|CP2J1_RABIT: 0.144995, sp|P51589|CP2J2_HUMAN: 0.092843): 0.097603): 0.029513): 0.065529): 0.474342, (((sp|Q8TAV3|CP2W1_HUMAN: 0.117407, sp|E9Q816|CP2W1_MOUSE: 0.173489): 0.793248, ((((sp|O18809|CP2F3_CAPHI: 0.091699, (sp|Q8WNE1|CP2F5_GORGO: 0.019100, sp|P24903|CP2F1_HUMAN: 0.020950): 0.068146): 0.022784, (sp|P33267|CP2F2_MOUSE: 0.034924, sp|O35293|CP2F2_RAT: 0.020218): 0.079891): 0.364396, ((((sp|O55071|CP2BJ_MOUSE: 0.054016, (sp|Q64583|CP2BF_RAT: 0.062614, sp|P33272|CP2BC_RAT: 0.053053): 0.042884): 0.066374, (sp|P12791|CP2BA_MOUSE: 0.075169, (sp|P13107|CP2B3_RAT: 0.185824, sp|P12790|CP2B9_MOUSE: 0.092309): 0.040858): 0.032926): 0.055907, ((sp|P12789|CP2B5_RABIT: 0.021688, sp|P00178|CP2B4_RABIT: 0.001625): 0.118565, (sp|P20813|CP2B6_HUMAN: 0.144754, sp|P24460|CP2BB_CANLF: 0.139635): 0.028256): 0.050288): 0.358835, ((sp|P24461|CP2G1_RABIT: 0.078894, sp|P10610|CP2G1_RAT: 0.122682): 0.255966, ((sp|P24455|CP2A9_MESAU: 0.099685, (sp|P56593|CP2AC_MOUSE: 0.061199, (sp|P15149|CP2A2_RAT: 0.109743, sp|P11711|CP2A1_RAT: 0.020672): 0.045010): 0.048622): 0.162147, (sp|P24454|CP2A8_MESAU: 0.223538, ((sp|P20812|CP2A3_RAT: 0.015299, (sp|P20852|CP2A5_MOUSE: 0.004066, sp|P15392|CP2A4_MOUSE: 0.023123): 0.021029): 0.048213, ((sp|Q05556|CP2AB_RABIT: 0.008230, sp|Q05555|CP2AA_RABIT: 0.008584): 0.079436, (sp|Q16696|CP2AD_HUMAN: 0.011263, (sp|P20853|CP2A7_HUMAN: 0.043678, sp|P11509|CP2A6_HUMAN: 0.019153): 0.036462): 0.040510): 0.017409): 0.023891): 0.062745): 0.232240): 0.079712): 0.086539): 0.066178, ((sp|Q9MZY0|CP2E1_CANLF: 0.131415, (((sp|P05181|CP2E1_HUMAN: 0.030453, (sp|Q6GUQ4|CP2E1_MACMU: 0.004617, sp|P33266|CP2E1_MACFA: 0.048855): 0.020821): 0.104130, (sp|P08682|CP2E1_RABIT: 0.128537, (sp|P51581|CP2E1_MESAU: 0.062434, (sp|Q05421|CP2E1_MOUSE: 0.054166, sp|P05182|CP2E1_RAT: 0.021213): 0.024361): 0.080360): 0.028192): 0.026514, (sp|P79383|CP2E1_PIG: 0.080183, sp|O18963|CP2E1_BOVIN: 0.107260): 0.046379): 0.028645): 0.355160, (sp|P24470|CP2CN_RAT: 0.339395, ((sp|P56594|CP2CL_CANLF: 0.151053, ((sp|Q91W64|CP270_MOUSE: 0.071911, sp|P19225|CP270_RAT: 0.064708): 0.270338, (sp|Q29510|CP2CU_RABIT: 0.193944, sp|P00182|CP2C3_RABIT: 0.136217): 0.040052): 0.032387): 0.093780, (sp|O62671|CP241_CANLF: 0.168775, ((sp|P17666|CP2CE_RABIT: 0.087325, (sp|P00181|CP2C2_RABIT: 0.118220, sp|P00180|CP2C1_RABIT: 0.075974): 0.041434): 0.096004, ((((sp|P33262|CP2CK_MACFA: 0.039978, sp|P10632|CP2C8_HUMAN: 0.044670): 0.122208, (sp|P33261|CP2CJ_HUMAN: 0.047559, sp|P11712|CP2C9_HUMAN: 0.050005): 0.069382): 0.023489, ((sp|P15123|CP2CG_RABIT: 0.039613, (sp|P11371|CP2C4_RABIT: 0.032052, sp|P00179|CP2C5_RABIT: 0.020373): 0.037457): 0.105298, (((sp|P20814|CP2CD_RAT: 0.097200, (sp|P11510|CP2CC_RAT: 0.135506, sp|P56657|CP240_MOUSE: 0.146411): 0.018807): 0.151892, (sp|P56654|CP237_MOUSE: 0.027712, (sp|Q6XVG2|CP254_MOUSE: 0.058778, sp|Q91X77|CY250_MOUSE: 0.024038): 0.010253): 0.103013): 0.075243, (sp|P05178|CP2C6_RAT: 0.119815, ((sp|Q08078|CP2CP_MESAU: 0.044939, (sp|P33264|CP2CR_MESAU: 0.033105, sp|P33263|CP2CQ_MESAU: 0.030383): 0.025375): 0.044490, (sp|Q64458|CP2CT_MOUSE: 0.058304, (sp|P05179|CP2C7_RAT: 0.136928, (sp|P56656|CP239_MOUSE: 0.036465, sp|P56655|CP238_MOUSE: 0.050495): 0.061639): 0.020523): 0.034220): 0.028832): 0.024658): 0.059846): 0.026277): 0.014298, (sp|P33260|CP2CI_HUMAN: 0.094014, (sp|P08683|CP2CB_RAT: 0.170544, (sp|P33265|CP2CS_MESAU: 0.080931, (sp|Q9D816|CP255_MOUSE: 0.069993, sp|P33273|CP255_RAT: 0.030399): 0.021218): 0.121522): 0.028825): 0.011581): 0.026064): 0.020738): 0.073733): 0.134713): 0.032833): 0.147296): 0.252073): 0.136825, (sp|Q9QUJ1|CP2DS_MESAU: 0.127098, ((sp|P12938|CP2D3_RAT: 0.130094, ((sp|P12939|CP2DA_RAT: 0.029432, sp|P10633|CP2D1_RAT: 0.020615): 0.077819, (sp|P11714|CP2D9_MOUSE: 0.079344, (sp|P24457|CP2DB_MOUSE: 0.051419, sp|P24456|CP2DA_MOUSE: 0.045391): 0.024332): 0.033647): 0.053908): 0.029838, (((sp|Q9QYG6|CP2DR_MESAU: 0.027990, sp|Q9QYG5|CP2DK_MESAU: 0.016501): 0.100830, (sp|Q8CIM7|CP2DQ_MOUSE: 0.080687, sp|P10634|CP2DQ_RAT: 0.053886): 0.060912): 0.069200, ((sp|Q64680|CP2DI_RAT: 0.007212, sp|P13108|CP2D4_RAT: 0.003095): 0.163874, (sp|Q64403|CP2DG_CAVPO: 0.240807, ((sp|Q29488|CP2DH_MACFA: 0.024179, (sp|O18992|CP2DJ_CALJA: 0.066624, (sp|A0A087X1C5|CP2D7_HUMAN: 0.053761, (sp|P10635|CP2D6_HUMAN: 0.003417, (sp|Q2XNC9|CP2D6_PANPA: 0.000000, sp|Q2XNC8|CP2D6_PANTR: 0.006178): 0.004833): 0.009782): 0.023250): 0.011881): 0.078831, (sp|Q29473|CP2DF_CANLF: 0.179863, (sp|Q01361|CP2DE_BOVIN: 0.088580, sp|O46658|CP2DP_PIG: 0.131467): 0.068332): 0.036192): 0.048164): 0.024947): 0.074832): 0.046518): 0.040963): 0.587377): 0.069445): 0.092818): 0.258714): 0.249417): 0.786743): 0.112548, (sp|Q02318|CP27A_HUMAN: 0.905651, (sp|O46515|CP11A_HORSE: 0.199051, (sp|P00189|CP11A_BOVIN: 0.024318, (sp|P79202|CP11A_SHEEP: 0.015523, sp|P79153|CP11A_CAPHI: 0.011857): 0.014296): 0.091979): 1.204657): 0.770354): 0.091246, ((sp|Q2KIG5|THAS_BOVIN: 0.058605, (sp|P47787|THAS_PIG: 0.099301, ((sp|Q2PG45|THAS_MACFA: 0.017432, sp|P24557|THAS_HUMAN: 0.010958): 0.063251, (sp|P49430|THAS_RAT: 0.076215, sp|P36423|THAS_MOUSE: 0.060389): 0.099300): 0.052601): 0.031333): 0.746655, (sp|P11707|CP3A6_RABIT: 0.106684, ((((sp|O70537|CP3AV_MESAU: 0.139042, ((sp|P05183|CP3A2_RAT: 0.077359, sp|P04800|CP3A1_RAT: 0.043808): 0.032975, (sp|Q64459|CP3AB_MOUSE: 0.038393, (sp|Q64481|CP3AG_MOUSE: 0.093950, sp|Q9JMA7|CP341_MOUSE: 0.041396): 0.012895): 0.036147): 0.027375): 0.110288, ((sp|Q64409|CP3AH_CAVPO: 0.041970, (sp|Q64406|CP3AF_CAVPO: 0.026749, sp|Q64417|CP3AE_CAVPO: 0.008325): 0.014705): 0.188358, (sp|Q64148|CP3AA_MESAU: 0.137674, (sp|Q64581|CP3AI_RAT: 0.069602, sp|O09158|CP3AP_MOUSE: 0.042305): 0.059905): 0.131274): 0.025403): 0.062277, (sp|Q64464|CP3AD_MOUSE: 0.063347, sp|P51538|CP3A9_RAT: 0.029433): 0.105034): 0.025114, ((sp|Q9HB55|CP343_HUMAN: 0.211863, (sp|P20815|CP3A5_HUMAN: 0.092790, (sp|O18993|CP3AL_CALJA: 0.046813, (sp|P24462|CP3A7_HUMAN: 0.087754, (sp|P08684|CP3A4_HUMAN: 0.034219, sp|P33268|CP3A8_MACFA: 0.031377): 0.008904): 0.025531): 0.046983): 0.024517): 0.043386, (sp|P24463|CP3AC_CANLF: 0.103571, (sp|P79401|CP3AT_PIG: 0.120997, (sp|P79102|CP3AS_BOVIN: 0.159053, sp|Q29496|CP3AO_SHEEP: 0.105687): 0.030162): 0.053944): 0.050547): 0.027937): 0.057583): 0.573880): 0.498103): 0.106760, ((sp|Q5RCN6|CP4V2_PONAB: 0.087349, (sp|Q9DBW0|CP4V2_MOUSE: 0.049461, sp|A2RRT9|CP4V2_RAT: 0.031252): 0.077385): 0.641218, ((sp|Q9HCS2|CP4FC_HUMAN: 0.149896, (sp|P33274|CP4F1_RAT: 0.119547, (sp|Q99N16|CP4F3_MOUSE: 0.041025, sp|Q3MID2|CP4F3_RAT: 0.045448): 0.132337): 0.054019): 0.520381, ((sp|Q64462|CP4B1_MOUSE: 0.020563, (sp|P13584|CP4B1_HUMAN: 0.122787, sp|P15129|CP4B1_RAT: 0.038061): 0.030441): 0.483323, (sp|Q8N118|CP4X1_HUMAN: 0.146557, sp|Q8K4D6|CP4X1_RAT: 0.227573): 0.348168): 0.183912): 0.436127): 0.345322): 1.349509);

Frequencies and rates for categories (K=4)
rate:  0.31292  0.67209  1.07374  1.94125
freq:  0.25000  0.25000  0.25000  0.25000

Posterior probabilities for site classes, by site

     1      0.9980    0.0020    0.0000    0.0000
     2      0.0001    0.0376    0.3193    0.6429
     3      0.0001    0.0309    0.2975    0.6715
     4      0.2587    0.6794    0.0619    0.0000
     5      0.0000    0.0032    0.1242    0.8726
     6      0.0000    0.0013    0.1139    0.8848
     7      0.0000    0.0063    0.2330    0.7607
     8      0.0112    0.3164    0.5735    0.0988
     9      0.0002    0.0218    0.1740    0.8040
    10      0.0065    0.1584    0.4438    0.3913
    11      0.2677    0.2580    0.2476    0.2266
    12      0.0916    0.1862    0.2796    0.4426
    13      0.0003    0.0315    0.2347    0.7335
    14      0.0029    0.0758    0.2807    0.6406
    15      0.0000    0.0001    0.0107    0.9893
    16      0.0017    0.1509    0.5407    0.3067
    17      0.0000    0.0013    0.0580    0.9408
    18      0.0000    0.0000    0.0073    0.9927
    19      0.0000    0.0000    0.0034    0.9966
    20      0.0246    0.6394    0.3334    0.0027
    21      0.0101    0.2888    0.5904    0.1107
    22      0.0763    0.4690    0.3943    0.0604
    23      0.0008    0.0720    0.3655    0.5617
    24      0.0000    0.0095    0.1519    0.8386
    25      0.0057    0.1711    0.4548    0.3685
    26      0.0641    0.4031    0.4200    0.1128
    27      0.0093    0.1906    0.4784    0.3217
    28      0.0000    0.0003    0.0200    0.9797
    29      0.0227    0.3237    0.5168    0.1369
    30      0.0175    0.2391    0.4832    0.2602
    31      0.0048    0.2340    0.5670    0.1943
    32      0.0070    0.0721    0.2251    0.6958
    33      0.1037    0.2011    0.2870    0.4082
    34      0.7764    0.2017    0.0218    0.0001
    35      0.1100    0.7527    0.1372    0.0001
    36      0.0000    0.0086    0.3753    0.6161
    37      0.0000    0.0000    0.0026    0.9974
    38      0.0000    0.0025    0.1769    0.8206
    39      0.1254    0.5672    0.3008    0.0065
    40      0.3883    0.3364    0.2102    0.0651
    41      0.1705    0.2628    0.2970    0.2697
    42      0.0005    0.0169    0.1195    0.8631
    43      0.0001    0.0197    0.2198    0.7604
    44      0.0000    0.0126    0.1743    0.8130
    45      0.2678    0.4725    0.2385    0.0213
    46      0.0002    0.0231    0.1931    0.7836
    47      0.0000    0.0034    0.0643    0.9323
    48      0.0003    0.0276    0.1998    0.7723
    49      0.0726    0.3469    0.4348    0.1458
    50      0.0000    0.0021    0.2073    0.7906
    51      0.0000    0.0877    0.8466    0.0657
    52      0.0000    0.0011    0.2786    0.7204
    53      0.0000    0.0102    0.7588    0.2311
    54      0.0000    0.0050    0.6474    0.3476
    55      0.0000    0.2269    0.7694    0.0036
    56      0.0004    0.4048    0.5930    0.0018
    57      0.0000    0.0009    0.4891    0.5100
    58      0.0000    0.0006    0.3917    0.6077
    59      0.0000    0.0000    0.0013    0.9987
    60      0.0000    0.0005    0.9132    0.0862
    61      0.0000    0.0000    0.0077    0.9923
    62      0.0000    0.0055    0.9594    0.0351
    63      0.0000    0.0112    0.9548    0.0340
    64      0.0000    0.0045    0.9296    0.0659
    65      0.0000    0.0006    0.5943    0.4052
    66      0.0751    0.2106    0.3177    0.3966
    67      0.0123    0.0779    0.2140    0.6958
    68      0.0266    0.1294    0.2878    0.5562
    69      0.0016    0.1911    0.6396    0.1676
    70      0.0001    0.0490    0.4638    0.4871
    71      0.0081    0.0695    0.2160    0.7065
    72      0.6629    0.2371    0.0841    0.0158
    73      0.0672    0.2153    0.3375    0.3800
    74      0.0553    0.1772    0.3013    0.4663
    75      0.2554    0.2525    0.2494    0.2427
    76      0.0000    0.0003    0.6187    0.3810
    77      0.0000    0.0043    0.9062    0.0895
    78      0.0000    0.0045    0.2393    0.7561
    79      0.0018    0.3997    0.5867    0.0118
    80      0.0000    0.0117    0.3371    0.6513
    81      0.0000    0.0000    0.0016    0.9984
    82      0.0000    0.0010    0.3793    0.6197
    83      0.2823    0.2637    0.2447    0.2094
    84      0.3998    0.3503    0.1955    0.0544
    85      0.0417    0.1959    0.3353    0.4271
    86      0.4120    0.3125    0.1899    0.0856
    87      0.0247    0.1755    0.3471    0.4527
    88      0.0490    0.1947    0.3181    0.4382
    89      0.0007    0.1955    0.7029    0.1009
    90      0.0000    0.0070    0.9818    0.0111
    91      0.0000    0.0001    0.4339    0.5661
    92      0.0000    0.0000    0.1376    0.8624
    93      0.0000    0.0000    0.0757    0.9243
    94      0.0000    0.0003    0.6613    0.3384
    95      0.0000    0.0065    0.9389    0.0546
    96      0.0000    0.0943    0.9054    0.0003
    97      0.0000    0.0197    0.9658    0.0144
    98      0.9997    0.0003    0.0000    0.0000
    99      0.9996    0.0004    0.0000    0.0000
   100      0.2321    0.7600    0.0079    0.0000
   101      0.9827    0.0173    0.0000    0.0000
   102      0.0000    0.0137    0.9827    0.0036
   103      0.2185    0.5079    0.2547    0.0189
   104      0.0003    0.7434    0.2563    0.0000
   105      0.0000    0.1195    0.8779    0.0026
   106      0.9995    0.0005    0.0000    0.0000
   107      0.0000    0.0000    0.0309    0.9691
   108      0.0000    0.0043    0.9649    0.0308
   109      1.0000    0.0000    0.0000    0.0000
   110      0.9896    0.0104    0.0000    0.0000
   111      0.0000    0.0002    0.4396    0.5603
   112      0.0000    0.0966    0.9001    0.0033
   113      0.0000    0.0374    0.9621    0.0005
   114      0.0000    0.3220    0.6779    0.0001
   115      0.0000    0.0028    0.9498    0.0474
   116      0.0000    0.0001    0.0240    0.9759
   117      0.0014    0.2717    0.6708    0.0561
   118      0.0020    0.0644    0.2759    0.6577
   119      0.3000    0.2705    0.2411    0.1884
   120      0.3021    0.2711    0.2405    0.1863
   121      0.3302    0.2797    0.2327    0.1574
   122      0.0001    0.0062    0.0725    0.9212
   123      0.0005    0.0279    0.1931    0.7786
   124      0.0000    0.0027    0.0853    0.9119
   125      0.0000    0.0023    0.0987    0.8990
   126      0.0000    0.0000    0.0096    0.9904
   127      0.0221    0.4438    0.4976    0.0365
   128      0.0002    0.0990    0.6297    0.2711
   129      0.1114    0.2101    0.2908    0.3877
   130      0.0350    0.1327    0.2723    0.5600
   131      0.2836    0.2643    0.2445    0.2075
   132      0.0706    0.1594    0.2653    0.5046
   133      0.0893    0.1831    0.2777    0.4499
   134      0.2715    0.2596    0.2469    0.2220
   135      0.0929    0.1878    0.2803    0.4390
   136      0.0396    0.1518    0.2770    0.5316
   137      0.0014    0.0298    0.1500    0.8189
   138      0.0499    0.2729    0.3953    0.2819
   139      0.0000    0.0000    0.0001    0.9999
   140      0.0000    0.0008    0.3541    0.6451
   141      0.0000    0.0037    0.8524    0.1440
   142      0.0000    0.0014    0.5732    0.4254
   143      0.0003    0.6706    0.3290    0.0000
   144      0.0000    0.0000    0.0010    0.9990
   145      0.0001    0.5920    0.4080    0.0000
   146      0.0000    0.0003    0.1603    0.8394
   147      0.0000    0.0000    0.0000    1.0000
   148      0.0000    0.0000    0.0838    0.9162
   149      0.0000    0.1311    0.8676    0.0013
   150      0.0000    0.0292    0.9706    0.0002
   151      0.0000    0.0000    0.3565    0.6434
   152      0.0000    0.0780    0.9218    0.0002
   153      0.9690    0.0309    0.0000    0.0000
   154      0.9996    0.0004    0.0000    0.0000
   155      0.0000    0.3543    0.6457    0.0000
   156      0.0937    0.1888    0.2810    0.4364
   157      0.2807    0.2634    0.2453    0.2106
   158      0.1630    0.8365    0.0005    0.0000
   159      0.0022    0.7886    0.2091    0.0000
   160      0.9986    0.0014    0.0000    0.0000
   161      0.0000    0.0035    0.9520    0.0446
   162      0.0000    0.1396    0.8602    0.0002
   163      0.0000    0.0017    0.9019    0.0964
   164      0.4994    0.4982    0.0024    0.0000
   165      0.0000    0.0004    0.7409    0.2587
   166      0.0000    0.0011    0.9693    0.0296
   167      0.0031    0.0441    0.1830    0.7698
   168      0.0001    0.5992    0.4008    0.0000
   169      0.0000    0.0000    0.2054    0.7946
   170      0.9449    0.0551    0.0000    0.0000
   171      0.0000    0.7274    0.2726    0.0000
   172      0.0000    0.6064    0.3935    0.0000
   173      0.0004    0.9315    0.0681    0.0000
   174      0.0112    0.9517    0.0371    0.0000
   175      0.0001    0.6380    0.3619    0.0000
   176      0.0000    0.0040    0.9890    0.0070
   177      0.0000    0.8405    0.1595    0.0000
   178      0.9896    0.0104    0.0000    0.0000
   179      0.0001    0.7781    0.2218    0.0000
   180      0.1091    0.8887    0.0022    0.0000
   181      0.4363    0.5636    0.0002    0.0000
   182      0.7836    0.2159    0.0005    0.0000
   183      0.0000    0.6350    0.3650    0.0000
   184      0.0000    0.1087    0.8912    0.0001
   185      0.0000    0.0054    0.9791    0.0155
   186      0.0013    0.8818    0.1169    0.0000
   187      0.0000    0.0250    0.9730    0.0020
   188      0.0239    0.6202    0.3527    0.0031
   189      0.1728    0.2615    0.2919    0.2739
   190      0.8540    0.1275    0.0178    0.0007
   191      0.2300    0.4742    0.2674    0.0284
   192      0.0001    0.7562    0.2437    0.0000
   193      0.0828    0.8993    0.0179    0.0000
   194      0.0003    0.9663    0.0334    0.0000
   195      0.0012    0.9010    0.0978    0.0000
   196      0.9967    0.0033    0.0000    0.0000
   197      0.0049    0.7934    0.2017    0.0000
   198      0.0000    0.0000    0.0000    1.0000
   199      0.0000    0.0000    0.0000    1.0000
   200      0.0000    0.0313    0.9516    0.0171
   201      0.1429    0.2525    0.2951    0.3095
   202      0.1350    0.4849    0.3419    0.0382
   203      0.0000    0.0009    0.0419    0.9572
   204      0.0062    0.1723    0.4799    0.3415
   205      0.1744    0.4533    0.3211    0.0512
   206      0.1546    0.4113    0.3529    0.0812
   207      0.0013    0.1091    0.4844    0.4052
   208      0.0000    0.0079    0.1877    0.8044
   209      0.0546    0.5543    0.3761    0.0150
   210      0.0000    0.0000    0.0123    0.9877
   211      0.0000    0.0000    0.0001    0.9999
   212      0.0000    0.0000    0.0026    0.9974
   213      0.0000    0.0000    0.0001    0.9999
   214      0.0000    0.0000    0.0000    1.0000
   215      0.0000    0.0016    0.6291    0.3693
   216      0.0001    0.0088    0.0913    0.8998
   217      0.0100    0.1408    0.3776    0.4716
   218      0.0000    0.0008    0.0746    0.9246
   219      0.0000    0.0000    0.0630    0.9370
   220      0.0000    0.0042    0.9715    0.0243
   221      0.0000    0.0000    0.0133    0.9867
   222      0.8913    0.1086    0.0001    0.0000
   223      0.0000    0.0028    0.9879    0.0093
   224      0.0000    0.0002    0.7590    0.2408
   225      0.0056    0.0620    0.2138    0.7186
   226      0.0000    0.0000    0.0844    0.9156
   227      0.0139    0.9814    0.0047    0.0000
   228      0.0851    0.6101    0.3005    0.0043
   229      0.0000    0.0003    0.9456    0.0540
   230      0.7009    0.2985    0.0007    0.0000
   231      0.0000    0.0001    0.4121    0.5878
   232      0.0000    0.0000    0.3279    0.6721
   233      0.9455    0.0541    0.0004    0.0000
   234      0.0028    0.9429    0.0543    0.0000
   235      0.0000    0.0159    0.9823    0.0017
   236      0.0000    0.1755    0.8245    0.0000
   237      1.0000    0.0000    0.0000    0.0000
   238      0.0038    0.9796    0.0165    0.0000
   239      0.0081    0.9081    0.0838    0.0000
   240      0.0057    0.9876    0.0067    0.0000
   241      0.0000    0.6601    0.3399    0.0000
   242      0.0000    0.0159    0.9837    0.0004
   243      0.0001    0.9629    0.0370    0.0000
   244      0.8278    0.1706    0.0017    0.0000
   245      0.4830    0.5163    0.0007    0.0000
   246      0.0011    0.9842    0.0148    0.0000
   247      0.0003    0.6495    0.3502    0.0000
   248      0.0748    0.9116    0.0136    0.0000
   249      0.0000    0.4589    0.5411    0.0000
   250      0.8877    0.1122    0.0001    0.0000
   251      0.0123    0.9739    0.0137    0.0000
   252      0.4333    0.3473    0.1862    0.0332
   253      0.5625    0.2819    0.1305    0.0250
   254      0.2647    0.3905    0.2819    0.0630
   255      0.4688    0.3779    0.1441    0.0092
   256      0.0008    0.0427    0.2536    0.7029
   257      0.1418    0.4311    0.3580    0.0691
   258      0.6609    0.2668    0.0694    0.0029
   259      0.0002    0.3198    0.6787    0.0013
   260      0.0012    0.9287    0.0701    0.0000
   261      0.1574    0.8399    0.0027    0.0000
   262      0.7283    0.2716    0.0002    0.0000
   263      0.0000    0.0031    0.9482    0.0487
   264      0.0003    0.8641    0.1355    0.0000
   265      0.9636    0.0364    0.0000    0.0000
   266      0.0000    0.4833    0.5167    0.0000
   267      0.0001    0.7260    0.2739    0.0000
   268      0.9934    0.0066    0.0000    0.0000
   269      0.0019    0.9725    0.0256    0.0000
   270      0.0000    0.0000    0.0002    0.9998
   271      0.0000    0.0000    0.0628    0.9372
   272      0.9738    0.0262    0.0000    0.0000
   273      0.0000    0.1699    0.8300    0.0001
   274      0.0000    0.0016    0.9736    0.0248
   275      0.0000    0.0232    0.9751    0.0017
   276      0.0013    0.7896    0.2091    0.0000
   277      0.0000    0.0247    0.9745    0.0008
   278      0.0000    0.0003    0.8046    0.1952
   279      0.0000    0.0000    0.0108    0.9891
   280      0.0005    0.3218    0.6625    0.0151
   281      0.0000    0.0800    0.9199    0.0000
   282      0.0873    0.1980    0.2979    0.4168
   283      0.2500    0.2500    0.2500    0.2500
   284      0.2500    0.2500    0.2500    0.2500
   285      0.1238    0.2301    0.2971    0.3490
   286      0.5083    0.2508    0.1484    0.0925
   287      0.1998    0.2693    0.2767    0.2542
   288      0.0168    0.2093    0.4203    0.3535
   289      0.0455    0.2021    0.3468    0.4056
   290      0.1477    0.3003    0.3149    0.2371
   291      0.7242    0.1910    0.0649    0.0198
   292      0.0000    0.0000    0.0342    0.9658
   293      0.0000    0.0993    0.8994    0.0013
   294      0.0000    0.0079    0.9840    0.0081
   295      0.0000    0.0009    0.8489    0.1502
   296      0.0000    0.0263    0.9691    0.0046
   297      0.0000    0.6082    0.3918    0.0000
   298      0.0719    0.9218    0.0063    0.0000
   299      0.0000    0.0023    0.9891    0.0086
   300      0.0000    0.0000    0.0003    0.9997
   301      0.0000    0.0000    0.1686    0.8314
   302      0.0000    0.0438    0.9545    0.0017
   303      0.0000    0.5442    0.4558    0.0000
   304      0.0000    0.0002    0.5158    0.4840
   305      0.0998    0.8985    0.0017    0.0000
   306      0.0741    0.9245    0.0014    0.0000
   307      0.0000    0.6777    0.3222    0.0000
   308      0.9999    0.0001    0.0000    0.0000
   309      0.9915    0.0085    0.0000    0.0000
   310      1.0000    0.0000    0.0000    0.0000
   311      0.0000    0.0753    0.9245    0.0002
   312      0.0016    0.9795    0.0188    0.0000
   313      0.0023    0.9791    0.0186    0.0000
   314      0.0000    0.5446    0.4554    0.0000
   315      0.9254    0.0746    0.0001    0.0000
   316      0.0126    0.9647    0.0228    0.0000
   317      0.0000    0.0000    0.0219    0.9781
   318      0.0294    0.9651    0.0056    0.0000
   319      0.0088    0.9228    0.0684    0.0000
   320      0.0000    0.1092    0.8906    0.0002
   321      0.0085    0.9493    0.0422    0.0000
   322      0.0000    0.0000    0.0250    0.9750
   323      0.7698    0.2298    0.0004    0.0000
   324      0.0000    0.0000    0.0005    0.9995
   325      0.0828    0.2405    0.3217    0.3550
   326      0.3655    0.3184    0.2161    0.1000
   327      0.0075    0.0703    0.2246    0.6976
   328      0.0001    0.0824    0.7101    0.2075
   329      0.0000    0.0000    0.0020    0.9980
   330      0.0000    0.0006    0.6174    0.3820
   331      0.0000    0.0158    0.9754    0.0088
   332      0.0000    0.0000    0.0034    0.9966
   333      0.0000    0.1333    0.8663    0.0004
   334      0.0000    0.0069    0.9861    0.0070
   335      0.0000    0.0000    0.0000    1.0000
   336      0.0000    0.0001    0.3034    0.6966
   337      0.0000    0.0000    0.0088    0.9912
   338      0.0000    0.0000    0.2495    0.7505
   339      0.0000    0.0002    0.6149    0.3849
   340      0.0000    0.0046    0.9867    0.0088
   341      0.0000    0.0001    0.2728    0.7272
   342      0.0000    0.0000    0.0000    1.0000
   343      0.0000    0.0008    0.7084    0.2908
   344      0.0000    0.0000    0.0001    0.9999
   345      0.0000    0.0000    0.0132    0.9868
   346      0.0000    0.2139    0.7858    0.0002
   347      0.0000    0.0079    0.8597    0.1324
   348      0.0023    0.3061    0.6442    0.0474
   349      0.0000    0.0011    0.0739    0.9250
   350      0.0000    0.0002    0.0246    0.9751
   351      0.0112    0.2297    0.5189    0.2402
   352      0.0072    0.3234    0.5926    0.0769
   353      0.0000    0.0000    0.0062    0.9938
   354      0.0000    0.0000    0.0000    1.0000
   355      0.0000    0.0644    0.9348    0.0008
   356      0.0000    0.0175    0.9679    0.0146
   357      0.0000    0.0652    0.9207    0.0141
   358      0.2007    0.7966    0.0027    0.0000
   359      0.0000    0.0000    0.0215    0.9785
   360      0.0000    0.0004    0.5337    0.4659
   361      0.0914    0.9021    0.0065    0.0000
   362      0.0000    0.0000    0.0000    1.0000
   363      0.0003    0.5255    0.4741    0.0001
   364      0.0000    0.0239    0.8405    0.1356
   365      0.0000    0.0000    0.1050    0.8950
   366      0.0027    0.6740    0.3232    0.0001
   367      0.0000    0.1045    0.8950    0.0005
   368      0.9492    0.0507    0.0000    0.0000
   369      0.0013    0.9179    0.0808    0.0000
   370      0.0000    0.0000    0.2015    0.7985
   371      0.0000    0.5412    0.4588    0.0000
   372      0.0000    0.0004    0.2594    0.7402
   373      0.0000    0.0000    0.0203    0.9797
   374      0.0000    0.0000    0.0000    1.0000
   375      0.0000    0.0000    0.0023    0.9977
   376      0.5945    0.2278    0.1177    0.0599
   377      0.0016    0.2298    0.6974    0.0711
   378      0.0079    0.4026    0.5636    0.0260
   379      0.0000    0.1446    0.8404    0.0150
   380      0.0000    0.0000    0.0108    0.9892
   381      0.0000    0.0155    0.9768    0.0077
   382      0.0000    0.0000    0.0007    0.9993
   383      0.0000    0.0000    0.0000    1.0000
   384      0.0000    0.0000    0.0000    1.0000
   385      0.0000    0.0012    0.8623    0.1365
   386      0.0000    0.0000    0.0001    0.9999
   387      0.0000    0.0000    0.0029    0.9971
   388      0.0000    0.0016    0.8547    0.1437
   389      0.0000    0.0105    0.9881    0.0014
   390      0.0000    0.0000    0.0004    0.9996
   391      0.0000    0.0000    0.0000    1.0000
   392      0.0000    0.0007    0.9450    0.0544
   393      0.0004    0.9240    0.0757    0.0000
   394      0.0000    0.0079    0.9871    0.0050
   395      0.0000    0.0012    0.9190    0.0798
   396      0.9852    0.0148    0.0000    0.0000
   397      0.0000    0.0005    0.5291    0.4704
   398      0.0000    0.0000    0.0271    0.9729
   399      0.0002    0.8741    0.1258    0.0000
   400      0.0008    0.6729    0.3262    0.0000
   401      0.0000    0.0039    0.9852    0.0109
   402      0.0000    0.0060    0.9546    0.0394
   403      0.0000    0.0000    0.0225    0.9775
   404      0.0001    0.0802    0.6080    0.3118
   405      0.0000    0.0077    0.9899    0.0025
   406      0.0000    0.0044    0.0766    0.9190
   407      0.0000    0.0023    0.0507    0.9470
   408      0.2773    0.2620    0.2459    0.2148
   409      0.1028    0.1999    0.2863    0.4109
   410      0.2773    0.2620    0.2459    0.2148
   411      0.0045    0.0495    0.1884    0.7576
   412      0.0214    0.1081    0.2612    0.6093
   413      0.0493    0.1775    0.3184    0.4549
   414      0.0000    0.0038    0.0607    0.9355
   415      0.0443    0.2383    0.3837    0.3338
   416      0.1034    0.3346    0.3821    0.1798
   417      0.0010    0.0457    0.2368    0.7166
   418      0.0008    0.0471    0.2678    0.6843
   419      0.0000    0.0570    0.9421    0.0009
   420      0.0025    0.9543    0.0432    0.0000
   421      0.0000    0.5922    0.4078    0.0000
   422      0.1395    0.7764    0.0841    0.0000
   423      0.0082    0.9271    0.0647    0.0000
   424      0.0089    0.9819    0.0092    0.0000
   425      0.9733    0.0267    0.0000    0.0000
   426      0.0000    0.0744    0.9253    0.0003
   427      0.0173    0.9459    0.0369    0.0000
   428      0.9226    0.0774    0.0000    0.0000
   429      0.0000    0.1793    0.8207    0.0001
   430      0.0000    0.3766    0.6233    0.0000
   431      0.0000    0.0055    0.9905    0.0040
   432      0.0000    0.0000    0.0196    0.9804
   433      0.0000    0.2262    0.7735    0.0002
   434      0.0000    0.0023    0.8681    0.1296
   435      0.0000    0.0025    0.8570    0.1405
   436      0.0000    0.0000    0.0005    0.9995
   437      0.1449    0.2448    0.3000    0.3103
   438      0.3141    0.2752    0.2376    0.1732
   439      0.3709    0.2887    0.2188    0.1216
   440      0.1277    0.2280    0.2969    0.3474
   441      0.0011    0.0205    0.1139    0.8645
   442      0.3130    0.2749    0.2378    0.1743
   443      0.3524    0.2852    0.2255    0.1368
   444      0.0384    0.1412    0.2806    0.5398
   445      0.3709    0.2887    0.2188    0.1216
   446      0.0061    0.0521    0.1813    0.7605
   447      0.0332    0.1281    0.2676    0.5710
   448      0.0080    0.0639    0.2045    0.7236
   449      0.1102    0.2089    0.2906    0.3903
   450      0.3918    0.2921    0.2109    0.1052
   451      0.1570    0.2561    0.3016    0.2853
   452      0.2500    0.2500    0.2500    0.2500
   453      0.0083    0.0655    0.2077    0.7185
   454      0.0043    0.0405    0.1558    0.7994
   455      0.3062    0.2727    0.2397    0.1814
   456      0.0056    0.0491    0.1744    0.7709
   457      0.0054    0.0475    0.1713    0.7759
   458      0.0078    0.0625    0.2021    0.7276
   459      0.3221    0.2777    0.2353    0.1649
   460      0.0340    0.1300    0.2695    0.5666
   461      0.0443    0.2699    0.4249    0.2608
   462      0.0096    0.1372    0.3721    0.4812
   463      0.0000    0.0093    0.1739    0.8168
   464      0.0000    0.0007    0.0256    0.9738
   465      0.0000    0.0000    0.0061    0.9939
   466      0.0000    0.0000    0.0010    0.9990
   467      0.0000    0.0007    0.9702    0.0291
   468      0.0000    0.0000    0.0007    0.9993
   469      0.0000    0.0000    0.0213    0.9787
   470      0.0000    0.0146    0.9832    0.0022
   471      0.0000    0.0033    0.9679    0.0288
   472      0.0720    0.9067    0.0213    0.0000
   473      0.0003    0.9509    0.0488    0.0000
   474      0.0000    0.0136    0.9853    0.0012
   475      0.0000    0.0001    0.4418    0.5581
   476      0.8918    0.1082    0.0000    0.0000
   477      0.0038    0.9537    0.0425    0.0000
   478      0.0000    0.0000    0.0264    0.9736
   479      0.0000    0.0000    0.0448    0.9552
   480      0.0012    0.9802    0.0186    0.0000
   481      0.0000    0.5092    0.4908    0.0000
   482      0.0000    0.0000    0.0067    0.9933
   483      0.6817    0.3182    0.0001    0.0000
   484      0.0227    0.9459    0.0314    0.0000
   485      0.7606    0.2391    0.0003    0.0000
   486      0.0000    0.0000    0.1042    0.8958
   487      0.9996    0.0004    0.0000    0.0000
   488      0.9995    0.0005    0.0000    0.0000
   489      0.9032    0.0968    0.0000    0.0000
   490      0.2723    0.7267    0.0010    0.0000
   491      1.0000    0.0000    0.0000    0.0000
   492      0.7151    0.2849    0.0000    0.0000
   493      0.9973    0.0027    0.0000    0.0000
   494      0.0161    0.9829    0.0009    0.0000
   495      0.9974    0.0026    0.0000    0.0000
   496      0.0866    0.9011    0.0122    0.0000
   497      0.0001    0.8926    0.1073    0.0000
   498      0.0128    0.7970    0.1901    0.0000
   499      0.0000    0.0216    0.9776    0.0009
   500      0.0000    0.4838    0.5161    0.0000
   501      0.0013    0.8144    0.1843    0.0000
   502      0.0000    0.0044    0.9197    0.0759
   503      0.9987    0.0013    0.0000    0.0000
   504      0.0624    0.9342    0.0034    0.0000
   505      0.0354    0.9565    0.0081    0.0000
   506      0.0000    0.0435    0.9563    0.0001
   507      0.9993    0.0007    0.0000    0.0000
   508      0.0000    0.0031    0.9866    0.0102
   509      0.0020    0.9799    0.0181    0.0000
   510      0.8879    0.1121    0.0000    0.0000
   511      0.0000    0.1135    0.8864    0.0001
   512      0.2500    0.2500    0.2500    0.2500
   513      0.2500    0.2500    0.2500    0.2500
   514      0.2500    0.2500    0.2500    0.2500
   515      0.2500    0.2500    0.2500    0.2500
   516      0.2500    0.2500    0.2500    0.2500
   517      0.2500    0.2500    0.2500    0.2500
   518      0.2500    0.2500    0.2500    0.2500
   519      0.2500    0.2500    0.2500    0.2500
   520      0.2500    0.2500    0.2500    0.2500
   521      0.2500    0.2500    0.2500    0.2500
   522      0.2500    0.2500    0.2500    0.2500
   523      0.2500    0.2500    0.2500    0.2500
   524      0.2500    0.2500    0.2500    0.2500
   525      0.2500    0.2500    0.2500    0.2500
   526      0.2500    0.2500    0.2500    0.2500
   527      0.2500    0.2500    0.2500    0.2500
   528      0.2500    0.2500    0.2500    0.2500
   529      0.2500    0.2500    0.2500    0.2500
   530      0.6551    0.3447    0.0002    0.0000
   531      0.7000    0.2998    0.0001    0.0000
   532      0.5107    0.4892    0.0002    0.0000
   533      0.0000    0.1889    0.8110    0.0001
   534      1.0000    0.0000    0.0000    0.0000
   535      0.9998    0.0002    0.0000    0.0000
   536      0.0298    0.9616    0.0086    0.0000
   537      0.0000    0.0000    0.0080    0.9920
   538      0.4522    0.5476    0.0002    0.0000
   539      0.1369    0.3025    0.3459    0.2146
   540      0.0184    0.1168    0.2877    0.5771
   541      0.0178    0.1079    0.2667    0.6076
   542      0.0861    0.2562    0.3310    0.3267
   543      0.0069    0.0599    0.2015    0.7316
   544      0.0636    0.1886    0.3078    0.4400
   545      0.1577    0.2582    0.3029    0.2812
   546      0.2500    0.2500    0.2500    0.2500
   547      0.2500    0.2500    0.2500    0.2500
   548      0.2500    0.2500    0.2500    0.2500
   549      0.2870    0.2878    0.2406    0.1846
   550      0.1012    0.2508    0.3284    0.3196
   551      0.0657    0.1907    0.3050    0.4386
   552      0.3049    0.2901    0.2367    0.1683
   553      0.2500    0.2500    0.2500    0.2500
   554      0.2500    0.2500    0.2500    0.2500
   555      0.2500    0.2500    0.2500    0.2500
   556      0.2500    0.2500    0.2500    0.2500
   557      0.2500    0.2500    0.2500    0.2500
   558      0.2500    0.2500    0.2500    0.2500
   559      0.2500    0.2500    0.2500    0.2500
   560      0.2500    0.2500    0.2500    0.2500
   561      0.0004    0.9073    0.0924    0.0000
   562      0.8959    0.1040    0.0002    0.0000
   563      0.0000    0.1454    0.8545    0.0001
   564      0.0000    0.0032    0.9897    0.0071
   565      0.0350    0.9583    0.0067    0.0000
   566      0.1409    0.2410    0.2995    0.3186
   567      0.0335    0.1767    0.3361    0.4537
   568      0.0441    0.3032    0.4334    0.2194
   569      0.0000    0.0000    0.0001    0.9999
   570      0.1555    0.8370    0.0075    0.0000
   571      0.0000    0.0297    0.9670    0.0033
   572      0.0000    0.0084    0.9796    0.0120
   573      0.0000    0.1325    0.8674    0.0001
   574      0.0527    0.9434    0.0039    0.0000
   575      0.9844    0.0156    0.0000    0.0000
   576      0.1339    0.2347    0.2989    0.3325
   577      0.0000    0.0000    0.0045    0.9955
   578      0.0000    0.0000    0.0063    0.9937
   579      0.9994    0.0006    0.0000    0.0000
   580      0.9151    0.0849    0.0000    0.0000
   581      0.4623    0.5324    0.0053    0.0000
   582      0.9868    0.0132    0.0000    0.0000
   583      0.0043    0.9748    0.0209    0.0000
   584      1.0000    0.0000    0.0000    0.0000
   585      0.9997    0.0003    0.0000    0.0000
   586      0.0191    0.9774    0.0036    0.0000
   587      0.9928    0.0072    0.0000    0.0000
   588      1.0000    0.0000    0.0000    0.0000
   589      0.9130    0.0870    0.0000    0.0000
   590      0.9997    0.0003    0.0000    0.0000
   591      1.0000    0.0000    0.0000    0.0000
   592      0.0252    0.9428    0.0320    0.0000
   593      0.0000    0.0118    0.9860    0.0022
   594      0.8478    0.1521    0.0000    0.0000
   595      0.0001    0.8084    0.1914    0.0000
   596      0.0000    0.0000    0.1328    0.8672
   597      0.1721    0.8229    0.0050    0.0000
   598      0.0000    0.0013    0.9371    0.0616
   599      0.0001    0.3312    0.6683    0.0004
   600      0.0000    0.0946    0.9049    0.0005
   601      0.0059    0.9379    0.0563    0.0000
   602      1.0000    0.0000    0.0000    0.0000
   603      0.0000    0.0000    0.3110    0.6890
   604      0.7522    0.2477    0.0001    0.0000
   605      0.0015    0.9824    0.0161    0.0000
