
Estimated rates for sites from AAML.
(sp_P56591_CP1A1_SHEEP: 0.097381, sp_P33616_CP1A1_MACFA: 0.138412, (sp_Q06367_CP1A1_CAVPO: 0.095238, ((sp_Q64464_CP3AD_MOUSE: 1.233771, sp_Q5RCN6_CP4V2_PONAB: 0.930328): 1.237759, ((sp_P24456_CP2DA_MOUSE: 0.141968, sp_P12938_CP2D3_RAT: 0.108777): 0.634975, (sp_P51581_CP2E1_MESAU: 0.438164, (sp_Q29510_CP2CU_RABIT: 0.306360, sp_O62671_CP241_CANLF: 0.241328): 0.131442): 0.407577): 0.294323): 0.955413): 0.061395);

Frequencies and rates for categories (K=4)
rate:  0.32382  0.68122  1.07553  1.91943
freq:  0.25000  0.25000  0.25000  0.25000

Posterior probabilities for site classes, by site

     1      0.2500    0.2500    0.2500    0.2500
     2      0.2500    0.2500    0.2500    0.2500
     3      0.2500    0.2500    0.2500    0.2500
     4      0.2500    0.2500    0.2500    0.2500
     5      0.2500    0.2500    0.2500    0.2500
     6      0.2500    0.2500    0.2500    0.2500
     7      0.2500    0.2500    0.2500    0.2500
     8      0.1104    0.2205    0.2981    0.3709
     9      0.1313    0.2359    0.2968    0.3360
    10      0.1592    0.2475    0.2897    0.3036
    11      0.1408    0.2601    0.3028    0.2964
    12      0.4841    0.2934    0.1694    0.0531
    13      0.2190    0.3223    0.2860    0.1727
    14      0.0568    0.1685    0.2896    0.4852
    15      0.3516    0.3187    0.2235    0.1063
    16      0.1970    0.2811    0.2752    0.2466
    17      0.0498    0.1548    0.2786    0.5168
    18      0.0112    0.0794    0.2280    0.6814
    19      0.0162    0.0752    0.2058    0.7029
    20      0.2500    0.2500    0.2500    0.2500
    21      0.2500    0.2500    0.2500    0.2500
    22      0.3238    0.3060    0.2322    0.1380
    23      0.0109    0.0822    0.2376    0.6693
    24      0.3772    0.3661    0.2041    0.0525
    25      0.0060    0.0720    0.2470    0.6749
    26      0.0112    0.1111    0.2997    0.5780
    27      0.1091    0.3265    0.3570    0.2074
    28      0.4444    0.3265    0.1697    0.0594
    29      0.0728    0.2523    0.3309    0.3440
    30      0.0028    0.0573    0.2411    0.6988
    31      0.0124    0.1059    0.2797    0.6020
    32      0.0463    0.2450    0.3944    0.3143
    33      0.0067    0.0937    0.2940    0.6056
    34      0.0098    0.1119    0.3014    0.5769
    35      0.0173    0.1519    0.3429    0.4880
    36      0.0802    0.1919    0.2868    0.4411
    37      0.0571    0.2875    0.4076    0.2479
    38      0.0447    0.2406    0.3942    0.3206
    39      0.0680    0.2535    0.3801    0.2985
    40      0.2838    0.3604    0.2629    0.0928
    41      0.0896    0.3305    0.3920    0.1880
    42      0.0207    0.1525    0.3387    0.4881
    43      0.1496    0.2851    0.3162    0.2491
    44      0.2027    0.3293    0.3067    0.1612
    45      0.0803    0.2788    0.3814    0.2595
    46      0.5514    0.3016    0.1210    0.0260
    47      0.1904    0.3681    0.3222    0.1193
    48      0.0062    0.0859    0.2832    0.6248
    49      0.0015    0.0351    0.1779    0.7854
    50      0.1665    0.3160    0.3229    0.1947
    51      0.2809    0.4210    0.2542    0.0439
    52      0.1708    0.4335    0.3289    0.0668
    53      0.0110    0.1223    0.3281    0.5385
    54      0.0234    0.1635    0.3390    0.4742
    55      0.0028    0.0602    0.2340    0.7030
    56      0.0087    0.1073    0.3082    0.5758
    57      0.0181    0.1131    0.2738    0.5950
    58      0.0434    0.2842    0.4401    0.2323
    59      0.0487    0.2322    0.3761    0.3429
    60      0.8505    0.1313    0.0179    0.0004
    61      0.5615    0.3106    0.1159    0.0120
    62      0.3609    0.3780    0.2156    0.0455
    63      0.6908    0.2463    0.0599    0.0030
    64      0.0094    0.1187    0.3296    0.5423
    65      0.1574    0.3828    0.3448    0.1150
    66      0.0125    0.1194    0.3229    0.5451
    67      0.8505    0.1313    0.0179    0.0004
    68      0.0121    0.1382    0.3566    0.4931
    69      0.0201    0.2001    0.4093    0.3706
    70      0.8157    0.1562    0.0271    0.0009
    71      0.6152    0.3033    0.0771    0.0044
    72      0.0147    0.1654    0.3867    0.4332
    73      0.6421    0.2680    0.0820    0.0079
    74      0.2194    0.4051    0.3045    0.0711
    75      0.1294    0.3525    0.3668    0.1513
    76      0.1999    0.4238    0.3111    0.0653
    77      0.0441    0.2163    0.3556    0.3840
    78      0.0427    0.1484    0.2890    0.5199
    79      0.2500    0.2500    0.2500    0.2500
    80      0.2650    0.3002    0.2601    0.1748
    81      0.3699    0.4347    0.1800    0.0154
    82      0.1540    0.4025    0.3520    0.0915
    83      0.0075    0.1168    0.3496    0.5261
    84      0.0102    0.1165    0.3146    0.5587
    85      0.1771    0.4230    0.3230    0.0768
    86      0.0245    0.1829    0.3788    0.4138
    87      0.1174    0.3298    0.3492    0.2036
    88      0.0173    0.2041    0.4216    0.3570
    89      0.1118    0.3406    0.3816    0.1660
    90      0.0563    0.2971    0.3987    0.2479
    91      0.0275    0.2126    0.3981    0.3618
    92      0.1232    0.3686    0.3576    0.1506
    93      0.6229    0.2830    0.0879    0.0062
    94      0.6338    0.2744    0.0844    0.0074
    95      0.1062    0.3274    0.3753    0.1911
    96      0.2500    0.2500    0.2500    0.2500
    97      0.2500    0.2500    0.2500    0.2500
    98      0.6599    0.2717    0.0649    0.0035
    99      0.2395    0.3752    0.2957    0.0896
   100      0.0973    0.3783    0.3995    0.1248
   101      0.4264    0.3692    0.1763    0.0281
   102      0.0313    0.2372    0.4189    0.3126
   103      0.0316    0.2220    0.3967    0.3497
   104      0.8157    0.1562    0.0271    0.0009
   105      0.0053    0.0765    0.2436    0.6746
   106      0.1928    0.3931    0.3206    0.0934
   107      0.7004    0.2417    0.0557    0.0023
   108      0.0441    0.2868    0.4263    0.2428
   109      0.5640    0.3040    0.1155    0.0164
   110      0.8585    0.1239    0.0169    0.0008
   111      0.3954    0.3769    0.1950    0.0328
   112      0.1906    0.4301    0.3133    0.0660
   113      0.4529    0.3654    0.1613    0.0204
   114      0.0914    0.2772    0.3608    0.2706
   115      0.0657    0.3354    0.4182    0.1807
   116      0.3842    0.4184    0.1790    0.0184
   117      0.5086    0.3646    0.1172    0.0095
   118      0.2851    0.4084    0.2545    0.0520
   119      0.2233    0.4128    0.2950    0.0688
   120      0.0655    0.3062    0.3845    0.2437
   121      0.8119    0.1571    0.0295    0.0014
   122      0.0833    0.2948    0.3781    0.2438
   123      0.0088    0.1292    0.3518    0.5103
   124      0.0206    0.2043    0.4159    0.3592
   125      0.1417    0.3526    0.3543    0.1514
   126      0.1054    0.2176    0.2992    0.3777
   127      0.0372    0.2568    0.4292    0.2767
   128      0.4412    0.3644    0.1708    0.0236
   129      0.1646    0.3290    0.3348    0.1717
   130      0.3874    0.3973    0.1851    0.0302
   131      0.1087    0.3480    0.3696    0.1737
   132      0.7624    0.1896    0.0449    0.0031
   133      0.1091    0.2577    0.3350    0.2982
   134      0.0018    0.0374    0.1788    0.7821
   135      0.0067    0.1034    0.3105    0.5794
   136      0.1677    0.3438    0.3372    0.1512
   137      0.0454    0.3059    0.4408    0.2079
   138      0.6140    0.2867    0.0920    0.0073
   139      0.0013    0.0450    0.2285    0.7251
   140      0.0001    0.0096    0.0952    0.8950
   141      0.0021    0.0359    0.1482    0.8138
   142      0.0236    0.1826    0.3716    0.4222
   143      0.0729    0.1762    0.2852    0.4656
   144      0.0003    0.0136    0.1061    0.8800
   145      0.0996    0.3161    0.3775    0.2067
   146      0.0030    0.0742    0.2804    0.6424
   147      0.2246    0.4042    0.2930    0.0782
   148      0.1038    0.1991    0.2844    0.4127
   149      0.0958    0.1896    0.2801    0.4346
   150      0.1302    0.2465    0.3153    0.3080
   151      0.0954    0.2452    0.3325    0.3270
   152      0.0882    0.3293    0.3958    0.1867
   153      0.0044    0.0725    0.2600    0.6631
   154      0.0137    0.1333    0.3241    0.5289
   155      0.1380    0.3203    0.3234    0.2184
   156      0.0235    0.1797    0.3515    0.4453
   157      0.5947    0.2956    0.1006    0.0091
   158      0.0136    0.1570    0.3877    0.4417
   159      0.0034    0.0596    0.2354    0.7016
   160      0.6114    0.2665    0.1069    0.0153
   161      0.3043    0.4254    0.2359    0.0344
   162      0.0803    0.3167    0.4010    0.2020
   163      0.0109    0.1142    0.3095    0.5655
   164      0.9178    0.0758    0.0064    0.0001
   165      0.5669    0.3268    0.0997    0.0066
   166      0.3119    0.3935    0.2459    0.0487
   167      0.1419    0.3935    0.3543    0.1103
   168      0.0782    0.3131    0.3902    0.2186
   169      0.3840    0.4013    0.1885    0.0262
   170      0.2774    0.3943    0.2349    0.0934
   171      0.6317    0.2767    0.0850    0.0067
   172      0.3047    0.4282    0.2351    0.0320
   173      0.4088    0.3804    0.1798    0.0309
   174      0.0537    0.2205    0.3634    0.3624
   175      0.3420    0.3982    0.2225    0.0373
   176      0.0084    0.1326    0.3725    0.4864
   177      0.2872    0.3839    0.2628    0.0660
   178      0.4517    0.3606    0.1640    0.0238
   179      0.3185    0.2758    0.2358    0.1700
   180      0.2985    0.2697    0.2413    0.1904
   181      0.3322    0.2796    0.2317    0.1564
   182      0.3455    0.2828    0.2275    0.1442
   183      0.0229    0.0969    0.2293    0.6510
   184      0.3455    0.2828    0.2275    0.1442
   185      0.3455    0.2828    0.2275    0.1442
   186      0.0158    0.1177    0.3015    0.5650
   187      0.0086    0.1164    0.3301    0.5449
   188      0.0444    0.2436    0.3959    0.3160
   189      0.3580    0.3835    0.2170    0.0415
   190      0.0050    0.0728    0.2583    0.6639
   191      0.2108    0.3675    0.3069    0.1148
   192      0.3096    0.4509    0.2158    0.0237
   193      0.2392    0.4097    0.2671    0.0841
   194      0.0293    0.2155    0.3891    0.3661
   195      0.3643    0.3861    0.2106    0.0390
   196      0.8743    0.1133    0.0121    0.0003
   197      0.0068    0.1001    0.2931    0.6000
   198      0.0048    0.0902    0.3059    0.5992
   199      0.8119    0.1571    0.0295    0.0014
   200      0.1770    0.3784    0.3133    0.1313
   201      0.0052    0.0984    0.3252    0.5712
   202      0.0838    0.3014    0.3751    0.2397
   203      0.0640    0.2955    0.4062    0.2344
   204      0.0407    0.2721    0.4243    0.2629
   205      0.0732    0.3089    0.3947    0.2232
   206      0.0023    0.0592    0.2574    0.6811
   207      0.1046    0.3831    0.3929    0.1194
   208      0.0597    0.2933    0.4060    0.2410
   209      0.0171    0.1409    0.3056    0.5363
   210      0.2960    0.4036    0.2556    0.0449
   211      0.0924    0.2383    0.3284    0.3409
   212      0.0212    0.1244    0.2881    0.5663
   213      0.0065    0.0934    0.2872    0.6129
   214      0.1130    0.3659    0.3731    0.1480
   215      0.2529    0.4134    0.2815    0.0522
   216      0.0119    0.1262    0.3350    0.5270
   217      0.0031    0.0608    0.2502    0.6859
   218      0.0092    0.0966    0.2960    0.5981
   219      0.0912    0.3362    0.3952    0.1775
   220      0.0133    0.1350    0.3452    0.5066
   221      0.0013    0.0399    0.2068    0.7520
   222      0.1769    0.4306    0.3220    0.0705
   223      0.1028    0.3209    0.3603    0.2160
   224      0.0412    0.2445    0.4103    0.3040
   225      0.8750    0.1138    0.0110    0.0002
   226      0.8473    0.1349    0.0174    0.0005
   227      0.9404    0.0553    0.0042    0.0001
   228      0.0518    0.2918    0.4370    0.2194
   229      0.2734    0.3901    0.2617    0.0749
   230      0.6745    0.2487    0.0689    0.0078
   231      0.0828    0.3257    0.3832    0.2083
   232      0.2922    0.3857    0.2607    0.0613
   233      0.2078    0.3986    0.3059    0.0877
   234      0.0147    0.1689    0.3978    0.4186
   235      0.7596    0.2000    0.0386    0.0018
   236      0.4016    0.3566    0.1990    0.0428
   237      0.1149    0.3318    0.3584    0.1949
   238      0.2304    0.3998    0.2941    0.0756
   239      0.0015    0.0552    0.2580    0.6853
   240      0.2808    0.2823    0.2407    0.1962
   241      0.5485    0.2497    0.1317    0.0701
   242      0.0776    0.1865    0.2956    0.4403
   243      0.4981    0.3555    0.1333    0.0131
   244      0.0757    0.3408    0.4066    0.1769
   245      0.0099    0.1231    0.3391    0.5279
   246      0.0038    0.0847    0.3139    0.5977
   247      0.1103    0.3382    0.3636    0.1879
   248      0.0011    0.0336    0.1812    0.7842
   249      0.0050    0.0880    0.3022    0.6048
   250      0.0066    0.1249    0.3626    0.5059
   251      0.0055    0.0760    0.2580    0.6605
   252      0.0016    0.0451    0.2121    0.7412
   253      0.0138    0.1533    0.3735    0.4594
   254      0.0478    0.2497    0.3650    0.3376
   255      0.0431    0.2669    0.4092    0.2809
   256      0.1125    0.2250    0.3036    0.3588
   257      0.2500    0.2500    0.2500    0.2500
   258      0.2269    0.3791    0.2942    0.0998
   259      0.1997    0.4029    0.3170    0.0804
   260      0.0037    0.0714    0.2695    0.6554
   261      0.0158    0.1383    0.3311    0.5148
   262      0.0049    0.0900    0.3026    0.6026
   263      0.0375    0.2511    0.4023    0.3091
   264      0.0101    0.1183    0.3368    0.5348
   265      0.4012    0.3740    0.1894    0.0355
   266      0.0125    0.1156    0.3145    0.5574
   267      0.0943    0.2846    0.3591    0.2620
   268      0.0789    0.2782    0.3811    0.2617
   269      0.0351    0.2271    0.4044    0.3334
   270      0.0784    0.2270    0.3428    0.3518
   271      0.2694    0.4504    0.2451    0.0351
   272      0.0178    0.1771    0.3915    0.4136
   273      0.5832    0.2966    0.1082    0.0119
   274      0.0400    0.2039    0.3681    0.3880
   275      0.0007    0.0291    0.1847    0.7855
   276      0.0292    0.1496    0.3128    0.5084
   277      0.6325    0.2541    0.0979    0.0155
   278      0.3662    0.3730    0.2131    0.0477
   279      0.3098    0.3857    0.2499    0.0547
   280      0.1066    0.3276    0.3770    0.1888
   281      0.5880    0.2978    0.1040    0.0103
   282      0.1694    0.3752    0.3360    0.1194
   283      0.0056    0.0966    0.3111    0.5866
   284      0.0035    0.0908    0.3391    0.5666
   285      0.0003    0.0130    0.1028    0.8840
   286      0.0019    0.0512    0.2312    0.7157
   287      0.0025    0.0565    0.2372    0.7038
   288      0.2500    0.2500    0.2500    0.2500
   289      0.2500    0.2500    0.2500    0.2500
   290      0.2770    0.3755    0.2700    0.0775
   291      0.1236    0.3223    0.3564    0.1977
   292      0.0184    0.1731    0.3859    0.4226
   293      0.0219    0.1432    0.3113    0.5236
   294      0.0535    0.2806    0.3914    0.2745
   295      0.0001    0.0082    0.0895    0.9021
   296      0.1128    0.2097    0.2892    0.3884
   297      0.0122    0.1345    0.3465    0.5067
   298      0.0005    0.0197    0.1273    0.8525
   299      0.0001    0.0105    0.0960    0.8934
   300      0.0639    0.3002    0.4140    0.2218
   301      0.0230    0.1975    0.3667    0.4129
   302      0.0037    0.0738    0.2651    0.6575
   303      0.1225    0.3312    0.3438    0.2024
   304      0.1292    0.3647    0.3541    0.1520
   305      0.0146    0.1494    0.3509    0.4852
   306      0.1130    0.3631    0.3705    0.1534
   307      0.6694    0.2495    0.0738    0.0072
   308      0.4858    0.3913    0.1179    0.0050
   309      0.0026    0.0643    0.2680    0.6651
   310      0.1783    0.3822    0.3076    0.1320
   311      0.2612    0.4396    0.2605    0.0387
   312      0.0914    0.3219    0.3690    0.2177
   313      0.4019    0.4035    0.1755    0.0191
   314      0.2500    0.2500    0.2500    0.2500
   315      0.2500    0.2500    0.2500    0.2500
   316      0.2500    0.2500    0.2500    0.2500
   317      0.2500    0.2500    0.2500    0.2500
   318      0.2500    0.2500    0.2500    0.2500
   319      0.2500    0.2500    0.2500    0.2500
   320      0.2500    0.2500    0.2500    0.2500
   321      0.2500    0.2500    0.2500    0.2500
   322      0.2500    0.2500    0.2500    0.2500
   323      0.2500    0.2500    0.2500    0.2500
   324      0.2500    0.2500    0.2500    0.2500
   325      0.2500    0.2500    0.2500    0.2500
   326      0.2500    0.2500    0.2500    0.2500
   327      0.0859    0.1934    0.2944    0.4264
   328      0.0038    0.0631    0.2436    0.6895
   329      0.0515    0.3113    0.4323    0.2048
   330      0.2009    0.3148    0.2935    0.1908
   331      0.0093    0.1430    0.3743    0.4734
   332      0.3254    0.3859    0.2364    0.0524
   333      0.7207    0.2233    0.0526    0.0034
   334      0.5564    0.3167    0.1137    0.0132
   335      0.1583    0.3799    0.3488    0.1130
   336      0.4857    0.3508    0.1428    0.0207
   337      0.7094    0.2340    0.0539    0.0028
   338      0.0681    0.2712    0.3806    0.2801
   339      0.1717    0.3699    0.3324    0.1261
   340      0.4245    0.3717    0.1787    0.0252
   341      0.1136    0.3685    0.3678    0.1500
   342      0.0193    0.1796    0.3967    0.4045
   343      0.0704    0.3048    0.4101    0.2146
   344      0.3796    0.3932    0.1971    0.0300
   345      0.0134    0.1391    0.3558    0.4918
   346      0.1103    0.2070    0.2882    0.3944
   347      0.0291    0.1143    0.2504    0.6062
   348      0.0203    0.1558    0.3481    0.4758
   349      0.2602    0.3831    0.2796    0.0771
   350      0.0110    0.1366    0.3552    0.4972
   351      0.5670    0.3455    0.0842    0.0033
   352      0.0150    0.1359    0.3389    0.5102
   353      0.0102    0.1433    0.3847    0.4618
   354      0.0424    0.2249    0.3564    0.3763
   355      0.0196    0.1658    0.3508    0.4637
   356      0.1216    0.3377    0.3679    0.1727
   357      0.7731    0.1896    0.0351    0.0022
   358      0.2265    0.3500    0.2807    0.1428
   359      0.0627    0.2466    0.3479    0.3427
   360      0.2786    0.4593    0.2347    0.0274
   361      0.5145    0.3118    0.1453    0.0284
   362      0.0008    0.0263    0.1526    0.8202
   363      0.0006    0.0262    0.1606    0.8125
   364      0.0180    0.1790    0.3948    0.4082
   365      0.1048    0.3297    0.3676    0.1979
   366      0.0000    0.0054    0.0681    0.9265
   367      0.4934    0.3523    0.1387    0.0156
   368      0.4010    0.3797    0.1903    0.0290
   369      0.3786    0.3875    0.2037    0.0302
   370      0.0084    0.0889    0.2666    0.6362
   371      0.8390    0.1377    0.0222    0.0012
   372      0.8157    0.1562    0.0271    0.0009
   373      0.0302    0.2474    0.4360    0.2863
   374      0.1758    0.4309    0.3224    0.0709
   375      0.9589    0.0392    0.0019    0.0000
   376      0.7731    0.1919    0.0329    0.0021
   377      0.7518    0.2099    0.0368    0.0015
   378      0.3996    0.4245    0.1566    0.0193
   379      0.8414    0.1397    0.0183    0.0006
   380      0.2093    0.3941    0.3119    0.0847
   381      0.1839    0.3370    0.2927    0.1864
   382      0.0637    0.2512    0.3853    0.2998
   383      0.3984    0.3782    0.1871    0.0363
   384      0.8119    0.1571    0.0295    0.0014
   385      0.2783    0.3892    0.2697    0.0627
   386      0.2857    0.3717    0.2607    0.0819
   387      0.6583    0.2605    0.0751    0.0061
   388      0.0659    0.3375    0.4189    0.1776
   389      0.0145    0.1422    0.3427    0.5006
   390      0.3451    0.4521    0.1834    0.0194
   391      0.8505    0.1313    0.0179    0.0004
   392      0.2514    0.4286    0.2732    0.0469
   393      0.6778    0.2467    0.0685    0.0071
   394      0.4825    0.3800    0.1242    0.0133
   395      0.0013    0.0481    0.2297    0.7209
   396      0.7697    0.1924    0.0365    0.0015
   397      0.3591    0.4057    0.2048    0.0304
   398      0.5599    0.3296    0.1031    0.0074
   399      0.3057    0.4217    0.2354    0.0371
   400      0.8908    0.0975    0.0114    0.0003
   401      0.5586    0.3181    0.1124    0.0110
   402      0.8205    0.1544    0.0242    0.0010
   403      0.0499    0.2237    0.3789    0.3475
   404      0.8523    0.1284    0.0185    0.0008
   405      0.6282    0.2897    0.0772    0.0048
   406      0.5263    0.3268    0.1317    0.0151
   407      0.2495    0.4056    0.2764    0.0686
   408      0.0012    0.0342    0.1708    0.7938
   409      0.2670    0.4308    0.2589    0.0434
   410      0.0025    0.0579    0.2415    0.6982
   411      0.8505    0.1313    0.0179    0.0004
   412      0.0030    0.0517    0.1984    0.7469
   413      0.5247    0.2466    0.1417    0.0870
   414      0.0711    0.3266    0.4167    0.1856
   415      0.0255    0.2065    0.4033    0.3647
   416      0.7255    0.2208    0.0507    0.0030
   417      0.4698    0.3552    0.1533    0.0217
   418      0.0047    0.0985    0.3312    0.5655
   419      0.0009    0.0438    0.2359    0.7194
   420      0.6770    0.2626    0.0580    0.0024
   421      0.2901    0.4085    0.2571    0.0443
   422      0.6102    0.2889    0.0938    0.0072
   423      0.1954    0.4376    0.3025    0.0645
   424      0.2146    0.4558    0.2882    0.0414
   425      0.5288    0.3458    0.1153    0.0101
   426      0.7842    0.1739    0.0385    0.0033
   427      0.5043    0.3586    0.1239    0.0132
   428      0.1811    0.4230    0.3234    0.0725
   429      0.8908    0.0975    0.0114    0.0003
   430      0.4301    0.3792    0.1642    0.0264
   431      0.4588    0.3607    0.1582    0.0223
   432      0.9178    0.0758    0.0064    0.0001
   433      0.0460    0.2531    0.4106    0.2902
   434      0.0259    0.2225    0.4284    0.3233
   435      0.2236    0.3970    0.2995    0.0799
   436      0.0214    0.1738    0.3853    0.4196
   437      0.2165    0.3823    0.2906    0.1107
   438      0.5885    0.3037    0.1001    0.0077
   439      0.0067    0.0928    0.2959    0.6046
   440      0.3974    0.3803    0.1922    0.0301
   441      0.1793    0.3849    0.3319    0.1039
   442      0.4195    0.3729    0.1822    0.0254
   443      0.7037    0.2478    0.0470    0.0014
   444      0.0142    0.1523    0.3551    0.4785
   445      0.1289    0.3859    0.3587    0.1265
   446      0.4978    0.3687    0.1228    0.0107
   447      0.0164    0.1818    0.4019    0.4000
   448      0.9132    0.0791    0.0075    0.0001
   449      0.0654    0.3085    0.3958    0.2303
   450      0.0162    0.1517    0.3500    0.4821
   451      0.1912    0.3888    0.3204    0.0995
   452      0.0453    0.2552    0.4209    0.2786
   453      0.4165    0.3803    0.1794    0.0238
   454      0.1620    0.3842    0.3503    0.1036
   455      0.0053    0.0836    0.2862    0.6249
   456      0.8612    0.1240    0.0145    0.0003
   457      0.6796    0.2513    0.0651    0.0040
   458      0.8873    0.1010    0.0115    0.0003
   459      0.8157    0.1562    0.0271    0.0009
   460      0.4682    0.3557    0.1436    0.0325
   461      0.0014    0.0366    0.1784    0.7835
   462      0.0965    0.3500    0.3802    0.1733
   463      0.1108    0.3401    0.3713    0.1778
   464      0.1756    0.3356    0.3231    0.1657
   465      0.1025    0.4040    0.3864    0.1071
   466      0.0548    0.2733    0.4025    0.2694
   467      0.0189    0.1639    0.3555    0.4617
   468      0.6886    0.2491    0.0579    0.0044
   469      0.3451    0.4175    0.2090    0.0284
   470      0.5425    0.3199    0.1187    0.0189
   471      0.0380    0.2714    0.4309    0.2597
   472      0.9132    0.0791    0.0075    0.0001
   473      0.2132    0.3956    0.3013    0.0898
   474      0.3168    0.4204    0.2270    0.0357
   475      0.1122    0.3341    0.3776    0.1762
   476      0.1907    0.3474    0.3274    0.1345
   477      0.0336    0.2192    0.3944    0.3528
   478      0.0076    0.1199    0.3334    0.5391
   479      0.8505    0.1313    0.0179    0.0004
   480      0.3204    0.3630    0.2425    0.0741
   481      0.0828    0.2884    0.3666    0.2622
   482      0.8097    0.1603    0.0290    0.0010
   483      0.0219    0.1971    0.3950    0.3859
   484      0.8505    0.1313    0.0179    0.0004
   485      0.5730    0.3097    0.1045    0.0129
   486      0.8044    0.1683    0.0265    0.0008
   487      0.8097    0.1603    0.0290    0.0010
   488      0.1902    0.3795    0.3209    0.1093
   489      0.0127    0.1685    0.4131    0.4057
   490      0.0025    0.0572    0.2392    0.7011
   491      0.4441    0.3711    0.1542    0.0306
   492      0.3325    0.3875    0.2345    0.0454
   493      0.0189    0.2149    0.4278    0.3384
   494      0.0482    0.2346    0.3843    0.3329
   495      0.0059    0.0931    0.3089    0.5920
   496      0.2469    0.4024    0.2787    0.0720
   497      0.1218    0.2191    0.2920    0.3671
   498      0.2940    0.2680    0.2422    0.1957
   499      0.4580    0.3920    0.1389    0.0110
   500      0.3319    0.4119    0.2248    0.0314
   501      0.0107    0.1089    0.3169    0.5635
   502      0.3772    0.3909    0.2044    0.0275
   503      0.0295    0.2778    0.4505    0.2423
   504      0.0595    0.3144    0.4248    0.2013
   505      0.8097    0.1603    0.0290    0.0010
   506      0.6778    0.2540    0.0636    0.0046
   507      0.2508    0.3734    0.2658    0.1101
   508      0.8157    0.1562    0.0271    0.0009
   509      0.3933    0.3947    0.1891    0.0229
   510      0.9178    0.0758    0.0064    0.0001
   511      0.0006    0.0292    0.1648    0.8053
   512      0.7873    0.1770    0.0346    0.0011
   513      0.1798    0.3934    0.3174    0.1094
   514      0.8157    0.1562    0.0271    0.0009
   515      0.4928    0.3468    0.1417    0.0188
   516      0.0021    0.0614    0.2695    0.6670
   517      0.4321    0.3762    0.1712    0.0205
   518      0.8816    0.1059    0.0120    0.0006
   519      0.4719    0.3647    0.1478    0.0156
   520      0.4117    0.4005    0.1671    0.0207
   521      0.6657    0.2618    0.0683    0.0041
   522      0.1665    0.3665    0.3380    0.1291
   523      0.4612    0.3333    0.1716    0.0339
   524      0.3464    0.3948    0.2204    0.0384
   525      0.0299    0.2171    0.4056    0.3474
   526      0.6326    0.2716    0.0867    0.0091
   527      0.4993    0.3767    0.1163    0.0076
   528      0.0464    0.2694    0.4208    0.2635
   529      0.3664    0.4082    0.1979    0.0275
   530      0.8119    0.1571    0.0295    0.0014
   531      0.6630    0.2727    0.0616    0.0027
   532      0.1200    0.4286    0.3514    0.1000
   533      0.4172    0.3800    0.1798    0.0230
   534      0.0365    0.2073    0.3844    0.3718
   535      0.2140    0.3983    0.3054    0.0824
   536      0.0617    0.2800    0.4014    0.2568
   537      0.0178    0.1748    0.3787    0.4287
   538      0.0061    0.0946    0.2970    0.6022
   539      0.0196    0.1900    0.4031    0.3873
   540      0.1593    0.3793    0.3464    0.1150
   541      0.0603    0.2285    0.3543    0.3569
   542      0.1895    0.3541    0.3300    0.1263
   543      0.0147    0.1412    0.3618    0.4823
   544      0.1647    0.3717    0.3365    0.1271
   545      0.1273    0.3932    0.3661    0.1134
   546      0.0938    0.3185    0.3834    0.2043
   547      0.0629    0.2019    0.3004    0.4348
   548      0.4854    0.3085    0.1590    0.0471
   549      0.5912    0.2690    0.1169    0.0229
   550      0.0277    0.1661    0.3270    0.4792
   551      0.0097    0.0971    0.2828    0.6104
   552      0.0055    0.0548    0.2054    0.7342
   553      0.1217    0.3456    0.3692    0.1635
   554      0.3750    0.3696    0.2068    0.0485
   555      0.0011    0.0221    0.1233    0.8534
   556      0.0023    0.0435    0.1889    0.7654
   557      0.1603    0.3566    0.3353    0.1478
   558      0.2455    0.4188    0.2814    0.0543
   559      0.1845    0.4077    0.3244    0.0834
   560      0.0032    0.0616    0.2538    0.6813
   561      0.2304    0.3922    0.2844    0.0931
   562      0.0042    0.0851    0.3045    0.6063
   563      0.1479    0.3530    0.3480    0.1511
   564      0.2669    0.3842    0.2803    0.0686
   565      0.0247    0.1788    0.3526    0.4439
   566      0.0185    0.1809    0.3820    0.4186
   567      0.0125    0.1397    0.3556    0.4922
   568      0.0842    0.3197    0.3782    0.2178
   569      0.0028    0.0415    0.1764    0.7793
   570      0.4194    0.3545    0.1800    0.0460
   571      0.0132    0.1109    0.2819    0.5940
   572      0.0714    0.2577    0.3628    0.3081
   573      0.0443    0.1745    0.3107    0.4705
   574      0.0437    0.1450    0.2777    0.5336
   575      0.2500    0.2500    0.2500    0.2500
   576      0.2500    0.2500    0.2500    0.2500
   577      0.2500    0.2500    0.2500    0.2500
   578      0.2500    0.2500    0.2500    0.2500
   579      0.4233    0.3145    0.1835    0.0787
   580      0.3542    0.2942    0.2124    0.1393
   581      0.1845    0.2483    0.2763    0.2909

   Site  Freq   Data    Rate (posterior mean & category)

      1     1  -------M--    1.000     4
      2     2  -------D--    1.000     4
      3     2  -------L--    1.000     4
      4     1  -------I--    1.000     4
      5     1  -------P--    1.000     4
      6     1  -------N--    1.000     4
      7     1  -------F--    1.000     4
      8     1  -------SM-    1.219     4
      9     1  -------MA-    1.167     4
     10     1  -------EG-    1.114     4
     11     1  ----M--TL-    1.117     3
     12     1  ----W--WW-    0.641     1
     13     1  ----I--ML-    0.930     2
     14     1  ----M--LG-    1.376     4
     15     1  ----F--LL-    0.775     1
     16     1  ----S--AV-    1.025     2
     17     1  ----V--TW-    1.413     4
     18     1  --M-F--SQ-    1.611     4
     19     1  --L-G--LK-    1.627     4
     20     2  -------V--    1.000     4
     21     2  -------L--    1.000     4
     22     1  --F-L--LL-    0.828     1
     23     1  --R-P--YL-    1.600     4
     24     1  M-IMI--LLM    0.692     1
     25     1  E-SSP--YWE    1.612     4
     26     1  L-MTI--GGL    1.511     4
     27     1  L-SSS-MTAL    1.040     3
     28     1  T-AAA-AHAA    0.663     1
     29     1  G-TMT-VSSG    1.212     4
     30     1  AMEEEMFHAT    1.641     4
     31     1  GDFLLDGGVG    1.533     4
     32     1  LLLLLPVISL    1.209     3
     33     1  WFLLLVTFLW    1.545     4
     34     1  SIATAVI-AP    1.511     4
     35     1  VVSASVA-GM    1.414     4
     36     1  ALLTALL-AA    1.312     4
     37     1  IVIIVVL-SI    1.128     3
     38     1  FIFFFLV-LF    1.218     3
     39     1  TCCCCCW-VT    1.176     3
     40     1  VLLLLLV-LV    0.798     2
     41     1  ISVVVSA-SI    1.036     3
     42     1  FCFLFCT-LF    1.412     4
     43     1  IL---CL-LI    1.061     3
     44     1  LLWWWLL-QL    0.929     2
     45     1  LLVVVLI-RL    1.124     3
     46     1  VVIVVLV-VV    0.564     1
     47     1  DSRRRSS-AD    0.888     2
     48     1  LLAITLI-SL    1.564     4
     49     1  MLSFWWW-YM    1.723     4
     50     1  H-RRR---AH    0.990     3
     51     1  RKPPPKKKRR    0.735     2
     52     1  HQRQRQQKKR    0.833     2
     53     1  QSVVVSILWQ    1.473     4
     54     1  RYPPPSY-QR    1.394     4
     55     1  WAKKQRS-QW    1.643     4
     56     1  TRGGGKS-MT    1.513     4
     57     1  SRLLLGW-RS    1.519     4
     58     1  RKKKKKNGPR    1.127     3
     59     1  YLNSSLLIIY    1.237     3
     60     6  PPPPPPPPPP    0.385     1
     61     1  PPPPPPP-TP    0.541     1
     62     1  GGGGEGGGVG    0.694     2
     63     1  PPPPPPPPAP    0.462     1
     64     1  VTWWWTFKRV    1.479     4
     65     1  PAGGGPPPAP    0.903     2
     66     1  WFWWWLLLYW    1.479     4
     67     6  PPPPPPPPPP    0.385     1
     68     1  VLLLCFIFLV    1.428     4
     69     1  LVIILILLVL    1.294     3
     70     6  GGGGGGGGGG    0.402     1
     71     1  NNHHHNNTHN    0.497     1
     72     1  LVIMVIIIAL    1.365     4
     73     1  LLLLLLFLLL    0.494     1
     74     1  QQTTTQQALQ    0.811     2
     75     1  VLLLLLLYMV    0.967     3
     76     1  DDGGGDDQKD    0.813     2
     77     1  LRKKKKL-RL    1.281     4
     78     1  DK----K-DC    1.424     4
     79     4  --------G-    1.000     4
     80     1  -------KR-    0.905     2
     81     1  NNNNNDNGEN    0.639     2
     82     1  MIPPPIIFFM    0.878     2
     83     1  PSHHHNPWFP    1.468     4
     84     1  YKLLVKKEQY    1.493     4
     85     1  SSAAVSSCQS    0.840     2
     86     1  LILLLLLDIM    1.334     4
     87     1  YSSTSSTIIY    1.029     3
     88     1  KMRRQNKQEK    1.283     3
     89     1  LLMLLLLCYL    0.997     3
     90     1  QASSSSAHTQ    1.125     3
     91     1  NKQAQKEKEN    1.276     3
     92     1  RERRRARKER    0.965     2
     93     1  YYYYYYFYYY    0.501     1
     94     1  GGGGGGGGRG    0.497     1
     95     1  DPDDDPPKHD    1.028     3
     96     1  --------M-    1.000     4
     97     1  --------P-    1.000     4
     98     1  VVVVVVVMLV    0.475     1
     99     1  FFLLLFFWLF    0.823     2
    100     1  STQQQTTGKS    0.959     3
    101     1  LVIIILLLLL    0.633     1
    102     1  QYRRRYHYWQ    1.222     3
    103     1  MFIIIFLDVM    1.259     3
    104     6  GGGGGGGGGG    0.402     1
    105     1  WTSSCMSRPW    1.611     4
    106     1  KKTTTKKQVK    0.854     2
    107     1  PPPPPPRPPP    0.456     1
    108     1  MSVVVTIVMV    1.134     3
    109     1  VVLVLVVLVV    0.546     1
    110     1  VVVVVVVAAV    0.382     1
    111     1  ILLLLLLILI    0.657     1
    112     1  NHSSSHHTYN    0.818     2
    113     1  GGGGGGGDNG    0.608     1
    114     1  LYLLLYYPAL    1.126     3
    115     1  KEDDDDKDEK    1.046     3
    116     1  AATTTAAINA    0.637     2
    117     1  MVIIIVVIVV    0.557     1
    118     1  KKRRRKKKEQ    0.744     2
    119     1  EEQQQEETVE    0.803     2
    120     1  VAAAATVVIL    1.111     3
    121     4  LLLLLLLLLL    0.404     1
    122     1  LVVVVILVTV    1.102     3
    123     1  TDQRRDNKST    1.449     4
    124     1  CHQQQLHESC    1.283     3
    125     1  GGGGGGKCRG    0.958     3
    126     1  -------YQ-    1.229     4
    127     1  EEDDDENSIE    1.180     3
    128     1  DEDDDEETDD    0.620     1
    129     1  TFFFFFFFKT    0.967     3
    130     1  ASKKKSSTSA    0.653     2
    131     1  DGGGGAGNSD    1.003     3
    132     1  RRRRRRR--R    0.430     1
    133     1  PVPPPGG--P    1.144     3
    134     1  QTNDDRD--E    1.719     4
    135     1  VVLLLFIRMM    1.519     4
    136     1  PPYYYPPRYP    0.941     2
    137     1  IVSSSIVRKI    1.096     3
    138     1  FFFFFAFFFF    0.507     1
    139     1  EDTTTEQGLQ    1.669     4
    140     1  YRLFLKEP-H    1.827     4
    141     1  LYIIVVYVEI    1.747     4
    142     1  GASSSSMGPG    1.342     4
    143     1  -------IW-    1.344     4
    144     1  VQNDDG-LLY    1.813     4
    145     1  KGGGGGNKGG    1.050     3
    146     1  PAQQQHKKLH    1.586     4
    147     1  GGSSSGGAGK    0.813     2
    148     1  S--------A    1.267     4
    149     1  Q--------K    1.295     4
    150     1  G-MMM----G    1.140     3
    151     1  V-STT----V    1.183     3
    152     1  VLFFFIIILV    1.037     3
    153     1  LFGNNIISLL    1.603     4
    154     1  AAPPPFFITA    1.459     4
    155     1  PSDDDTNSSP    1.030     3
    156     1  YQSSSSNETY    1.363     4
    157     1  GGGGGGGNGG    0.520     1
    158     1  PEPPPNPENP    1.376     4
    159     1  ELVVVRTEKE    1.642     4
    160     1  WWWWWWWWWW    0.524     1
    161     1  RKAAAKKKRR    0.708     2
    162     1  EEAAAEDRSE    1.061     3
    163     1  QTRRRMVIRQ    1.500     4
    164     3  RRRRRRRRRR    0.356     1
    165     1  RRRRRRRAKR    0.526     1
    166     1  FFLLLFFLMF    0.727     2
    167     1  STAAAASLLS    0.907     2
    168     1  VLQQQLLSTV    1.078     3
    169     1  STNSNTSPPS    0.651     2
    170     1  TVGAATITTT    0.790     2
    171     1  LLLLLLLFFL    0.497     1
    172     1  RRKKKRRTHR    0.705     2
    173     1  NNSSSNDSFN    0.644     1
    174     1  FMFFFLY--F    1.254     3
    175     1  GGSSSGGGTG    0.693     2
    176     1  LMIVTMMRIV    1.427     4
    177     1  GGAAAGGLLG    0.764     2
    178     1  KKSSSKKKEK    0.614     1
    179     1  --DDD-----    0.871     1
    180     1  --PPP-----    0.905     1
    181     1  --AAA-----    0.847     1
    182     3  --SSS-----    0.826     1
    183     1  --SVL-----    1.569     4
    184     3  --SSS-----    0.826     1
    185     3  --SSS-----    0.826     1
    186     1  KKCCCSQ--K    1.494     4
    187     1  STYYYDGEDS    1.483     4
    188     1  LILLLLNMFL    1.213     3
    189     1  EEEEEEEFLE    0.690     2
    190     1  DDEEESAPDQ    1.603     4
    191     1  WRHHHRRIIW    0.869     2
    192     1  VIVVVVIIMV    0.685     2
    193     1  TQSKSQQNNT    0.805     2
    194     1  KEKKKERQED    1.278     3
    195     1  EEEEEEEFQE    0.682     2
    196     1  AAAAAAATAA    0.374     1
    197     1  RSEEECHDNS    1.537     4
    198     1  HCVYYYFVIH    1.542     4
    199     4  LLLLLLLLLL    0.404     1
    200     1  CVIILVMVVC    0.904     2
    201     1  DKSKGEERKD    1.515     4
    202     1  AAKKKEENKA    1.096     3
    203     1  FLLFFLLMLL    1.109     3
    204     1  TKQQQRKRET    1.159     3
    205     1  AEEEEKKQKA    1.087     3
    206     1  QTQLLTTGHE    1.625     4
    207     1  ANMMMNNLVA    0.947     3
    208     1  GAAASAGGNG    1.118     3
    209     1  QSGGGLQEQR    1.460     4
    210     1  PPPPPPPGEP    0.732     2
    211     1  --GGG--KA-    1.200     4
    212     1  --HHR--PF-    1.488     4
    213     1  ICFFFCFTNL    1.551     4
    214     1  NDNDDDDSCD    0.971     3
    215     1  PPPPPPPMFP    0.766     2
    216     1  NSYYYTTK-Y    1.462     4
    217     1  TSRRRFFDFT    1.628     4
    218     1  MLYYYVLIYL    1.535     4
    219     1  LLVVVLVFIL    1.024     3
    220     1  NFVVVGGGTN    1.440     4
    221     1  NCIVVCCALK    1.693     4
    222     1  AVSSSAAYCA    0.832     2
    223     1  VPVVVSPSAV    1.054     3
    224     1  CCAAACFMLC    1.205     3
    225     1  NNNNNNNDDN    0.373     1
    226     1  VVVVVVVVIV    0.386     1
    227     1  IIIIIIIIII    0.347     1
    228     1  ACCSCCSTCA    1.107     3
    229     1  SSAAASDAES    0.779     2
    230     1  LIIIIIITTL    0.477     1
    231     1  IICCCILSAI    1.061     3
    232     1  FFFFFFFFMY    0.756     2
    233     1  AQGGGQHGGA    0.836     2
    234     1  RNQQRNKVKR    1.351     4
    235     1  RRRRRRRNNR    0.427     1
    236     1  FFYYYFFIIF    0.669     1
    237     1  EEDSDDDDGD    1.023     3
    238     1  YYHHHYYSAY    0.809     2
    239     1  ENNDDTNLQG    1.631     4
    240     1  -------NS-    0.919     2
    241     1  -------NN-    0.624     1
    242     1  -------PD-    1.315     4
    243     1  DDHDDDDQDD    0.572     1
    244     1  PQQQQQKDSP    1.034     3
    245     1  YTEQETTPED    1.465     4
    246     1  LFLLFLCFYF    1.544     4
    247     1  IQLLLILVVI    1.018     3
    248     1  RTSESGRERK    1.723     4
    249     1  MLLLLFLKAV    1.547     4
    250     1  QVVIILMIVL    1.448     4
    251     1  KKNDNESKYK    1.599     4
    252     1  VHLLLKLKRI    1.682     4
    253     1  LFSNSLFLML    1.392     4
    254     1  ELNNNNNLSK    1.226     3
    255     1  DDNEEEEKQE    1.175     3
    256     1  -------FM-    1.205     4
    257     2  -------D--    1.000     4
    258     1  SS---NNIIS    0.840     2
    259     1  LIFFFFFFFM    0.834     2
    260     1  TRGGGRYDQG    1.598     4
    261     1  ELEEEILPRE    1.444     4
    262     1  IFVVILLLIQ    1.545     4
    263     1  SNVTTSS-KT    1.209     3
    264     1  GTGGAST-MG    1.473     4
